,order_year,order_month,monthly_sales,prev_month_sales,mom_growth_percent
0,2023,1,280883.87,,
1,2023,2,363642.42,280883.87,29.46
2,2023,3,349042.03,363642.42,-4.02
3,2023,4,301118.73,349042.03,-13.73
4,2023,5,344422.83,301118.73,14.38
5,2023,6,354027.39,344422.83,2.79
6,2023,7,315899.07,354027.39,-10.77
7,2023,8,277858.68,315899.07,-12.04
8,2023,9,320741.58,277858.68,15.43
9,2023,10,349247.46,320741.58,8.89
10,2023,11,332065.16,349247.46,-4.92
11,2023,12,328383.56,332065.16,-1.11
12,2024,1,330328.04,328383.56,0.59
13,2024,2,353976.66,330328.04,7.16
14,2024,3,342682.81,353976.66,-3.19
