,sale_date,daily_sales,running_total_sales
0,2023-01-01,6893.78,6893.78
1,2023-01-02,9253.93,16147.71
2,2023-01-03,9130.97,25278.68
3,2023-01-04,17829.71,43108.39
4,2023-01-05,6548.82,49657.21
5,2023-01-06,9861.16,59518.37
6,2023-01-07,10839.98,70358.35
7,2023-01-08,6593.39,76951.74
8,2023-01-09,13409.71,90361.45
9,2023-01-10,9696.97,100058.42
10,2023-01-11,8073.92,108132.34
11,2023-01-12,4786.08,112918.42
12,2023-01-13,1221.74,114140.16
13,2023-01-14,12101.2,126241.36
14,2023-01-15,12405.74,138647.1
15,2023-01-16,9608.51,148255.61
16,2023-01-17,9558.35,157813.96
17,2023-01-18,6383.13,164197.09
18,2023-01-19,11185.77,175382.86
19,2023-01-20,9824.7,185207.56
20,2023-01-21,6889.43,192096.99
21,2023-01-22,9826.66,201923.65
22,2023-01-23,7345.91,209269.56
23,2023-01-24,6119.36,215388.92
24,2023-01-25,7033.37,222422.29
25,2023-01-26,1324.35,223746.64
26,2023-01-27,445.65,224192.29
27,2023-01-28,11317.87,235510.16
28,2023-01-29,20346.01,255856.17
29,2023-01-30,19865.52,275721.69
30,2023-01-31,5162.18,280883.87
31,2023-02-01,9854.68,290738.55
32,2023-02-02,15394.2,306132.75
33,2023-02-03,11443.11,317575.86
34,2023-02-04,19932.98,337508.84
35,2023-02-05,8997.69,346506.53
36,2023-02-06,10569.29,357075.82
37,2023-02-07,11669.31,368745.13
38,2023-02-08,20613.37,389358.5
39,2023-02-09,14729.61,404088.11
40,2023-02-10,18184.23,422272.34
41,2023-02-11,11160.24,433432.58
42,2023-02-12,8062.16,441494.74
43,2023-02-13,25152.01,466646.75
44,2023-02-14,11009.03,477655.78
45,2023-02-15,13913.61,491569.39
46,2023-02-16,8219.72,499789.11
47,2023-02-17,14982.08,514771.19
48,2023-02-18,8675.87,523447.06
49,2023-02-19,17599.54,541046.6
50,2023-02-20,15817.58,556864.18
51,2023-02-21,14315.74,571179.92
52,2023-02-22,11250.89,582430.81
53,2023-02-23,17045.76,599476.57
54,2023-02-24,2555.93,602032.5
55,2023-02-25,7607.94,609640.44
56,2023-02-26,11614.68,621255.12
57,2023-02-27,7172.66,628427.78
58,2023-02-28,16098.51,644526.29
59,2023-03-01,5979.16,650505.45
60,2023-03-02,16650.3,667155.75
61,2023-03-03,3710.76,670866.51
62,2023-03-04,8978.7,679845.21
63,2023-03-05,9929.59,689774.8
64,2023-03-06,13834.86,703609.66
65,2023-03-07,6796.43,710406.09
66,2023-03-08,14994.73,725400.82
67,2023-03-09,10439.44,735840.26
68,2023-03-10,5662.79,741503.05
69,2023-03-11,9982.59,751485.64
70,2023-03-12,16609.22,768094.86
71,2023-03-13,10917.44,779012.3
72,2023-03-14,10474.46,789486.76
73,2023-03-15,1535.43,791022.19
74,2023-03-16,20901.7,811923.89
75,2023-03-17,14404.17,826328.06
76,2023-03-18,11476.95,837805.01
77,2023-03-19,16658.99,854464.0
78,2023-03-20,14669.12,869133.12
79,2023-03-21,9149.04,878282.16
80,2023-03-22,10517.26,888799.42
81,2023-03-23,6679.46,895478.88
82,2023-03-24,11825.52,907304.4
83,2023-03-25,12728.69,920033.09
84,2023-03-26,10051.52,930084.61
85,2023-03-27,15264.61,945349.22
86,2023-03-28,11724.12,957073.34
87,2023-03-29,9174.1,966247.44
88,2023-03-30,10196.94,976444.38
89,2023-03-31,17123.94,993568.32
90,2023-04-01,7479.32,1001047.64
91,2023-04-02,12582.24,1013629.88
92,2023-04-03,7976.41,1021606.29
93,2023-04-04,13251.88,1034858.17
94,2023-04-05,8514.66,1043372.83
95,2023-04-06,18862.15,1062234.98
96,2023-04-07,16163.51,1078398.49
97,2023-04-08,11902.11,1090300.6
98,2023-04-09,16127.72,1106428.32
99,2023-04-10,13666.74,1120095.06
100,2023-04-11,12172.8,1132267.86
101,2023-04-12,8213.74,1140481.6
102,2023-04-13,19581.13,1160062.73
103,2023-04-14,7118.55,1167181.28
104,2023-04-15,5364.56,1172545.84
105,2023-04-16,9870.27,1182416.11
106,2023-04-17,5719.63,1188135.74
107,2023-04-18,8007.81,1196143.55
108,2023-04-19,13480.14,1209623.69
109,2023-04-20,10666.07,1220289.76
110,2023-04-21,3462.72,1223752.48
111,2023-04-22,7354.33,1231106.81
112,2023-04-23,8186.6,1239293.41
113,2023-04-24,5610.52,1244903.93
114,2023-04-25,11320.1,1256224.03
115,2023-04-26,5795.66,1262019.69
116,2023-04-27,3993.08,1266012.77
117,2023-04-28,12491.29,1278504.06
118,2023-04-29,11313.57,1289817.63
119,2023-04-30,4869.42,1294687.05
120,2023-05-01,6878.06,1301565.11
121,2023-05-02,11391.15,1312956.26
122,2023-05-03,7530.19,1320486.45
123,2023-05-04,5198.27,1325684.72
124,2023-05-05,10251.97,1335936.69
125,2023-05-06,23767.32,1359704.01
126,2023-05-07,14226.59,1373930.6
127,2023-05-08,10127.39,1384057.99
128,2023-05-09,6213.01,1390271.0
129,2023-05-10,13603.34,1403874.34
130,2023-05-11,13443.95,1417318.29
131,2023-05-12,7871.03,1425189.32
132,2023-05-13,6322.17,1431511.49
133,2023-05-14,8327.79,1439839.28
134,2023-05-15,4842.97,1444682.25
135,2023-05-16,21802.27,1466484.52
136,2023-05-17,19657.07,1486141.59
137,2023-05-18,13134.59,1499276.18
138,2023-05-19,13079.43,1512355.61
139,2023-05-20,6995.54,1519351.15
140,2023-05-21,11127.25,1530478.4
141,2023-05-22,17901.52,1548379.92
142,2023-05-23,4443.26,1552823.18
143,2023-05-24,11686.89,1564510.07
144,2023-05-25,9050.53,1573560.6
145,2023-05-26,10733.7,1584294.3
146,2023-05-27,16801.73,1601096.03
147,2023-05-28,9679.46,1610775.49
148,2023-05-29,11474.51,1622250.0
149,2023-05-30,9979.79,1632229.79
150,2023-05-31,6880.09,1639109.88
151,2023-06-01,5046.27,1644156.15
152,2023-06-02,5452.69,1649608.84
153,2023-06-03,12410.67,1662019.51
154,2023-06-04,5856.12,1667875.63
155,2023-06-05,11250.86,1679126.49
156,2023-06-06,17267.41,1696393.9
157,2023-06-07,10858.47,1707252.37
158,2023-06-08,16927.32,1724179.69
159,2023-06-09,12374.65,1736554.34
160,2023-06-10,14537.64,1751091.98
161,2023-06-11,11166.24,1762258.22
162,2023-06-12,12196.13,1774454.35
163,2023-06-13,20423.46,1794877.81
164,2023-06-14,13534.88,1808412.69
165,2023-06-15,16886.1,1825298.79
166,2023-06-16,6068.87,1831367.66
167,2023-06-17,11832.32,1843199.98
168,2023-06-18,9084.77,1852284.75
169,2023-06-19,10074.66,1862359.41
170,2023-06-20,6326.09,1868685.5
171,2023-06-21,11819.37,1880504.87
172,2023-06-22,16556.13,1897061.0
173,2023-06-23,4239.53,1901300.53
174,2023-06-24,16423.87,1917724.4
175,2023-06-25,14754.12,1932478.52
176,2023-06-26,10176.35,1942654.87
177,2023-06-27,12614.88,1955269.75
178,2023-06-28,19548.59,1974818.34
179,2023-06-29,12608.28,1987426.62
180,2023-06-30,5710.65,1993137.27
181,2023-07-01,11621.93,2004759.2
182,2023-07-02,8390.67,2013149.87
183,2023-07-03,11247.57,2024397.44
184,2023-07-04,14756.22,2039153.66
185,2023-07-05,5715.28,2044868.94
186,2023-07-06,12024.25,2056893.19
187,2023-07-07,12370.78,2069263.97
188,2023-07-08,11435.34,2080699.31
189,2023-07-09,1821.24,2082520.55
190,2023-07-10,16298.8,2098819.35
191,2023-07-11,11814.32,2110633.67
192,2023-07-12,12878.86,2123512.53
193,2023-07-13,13269.55,2136782.08
194,2023-07-14,6815.03,2143597.11
195,2023-07-15,8076.4,2151673.51
196,2023-07-16,16572.45,2168245.96
197,2023-07-17,8851.7,2177097.66
198,2023-07-18,17059.03,2194156.69
199,2023-07-19,6586.78,2200743.47
200,2023-07-20,17527.3,2218270.77
201,2023-07-21,4899.99,2223170.76
202,2023-07-22,5772.69,2228943.45
203,2023-07-23,4868.92,2233812.37
204,2023-07-24,10096.96,2243909.33
205,2023-07-25,8697.21,2252606.54
206,2023-07-26,4275.52,2256882.06
207,2023-07-27,8737.67,2265619.73
208,2023-07-28,11285.56,2276905.29
209,2023-07-29,10950.45,2287855.74
210,2023-07-30,10982.96,2298838.7
211,2023-07-31,10197.64,2309036.34
212,2023-08-01,11877.9,2320914.24
213,2023-08-02,5111.37,2326025.61
214,2023-08-03,5886.2,2331911.81
215,2023-08-04,10961.27,2342873.08
216,2023-08-05,20338.06,2363211.14
217,2023-08-06,10258.71,2373469.85
218,2023-08-07,5473.57,2378943.42
219,2023-08-08,17139.35,2396082.77
220,2023-08-09,8426.12,2404508.89
221,2023-08-10,9178.17,2413687.06
222,2023-08-11,6278.75,2419965.81
223,2023-08-12,7761.57,2427727.38
224,2023-08-13,5273.37,2433000.75
225,2023-08-14,5799.75,2438800.5
226,2023-08-15,8803.28,2447603.78
227,2023-08-16,5278.61,2452882.39
228,2023-08-17,5613.05,2458495.44
229,2023-08-18,5708.25,2464203.69
230,2023-08-19,6453.92,2470657.61
231,2023-08-20,11069.9,2481727.51
232,2023-08-21,12678.85,2494406.36
233,2023-08-22,8397.71,2502804.07
234,2023-08-23,12846.7,2515650.77
235,2023-08-24,6171.32,2521822.09
236,2023-08-25,15144.17,2536966.26
237,2023-08-26,5023.16,2541989.42
238,2023-08-27,9911.18,2551900.6
239,2023-08-28,7514.53,2559415.13
240,2023-08-29,10574.73,2569989.86
241,2023-08-30,9407.02,2579396.88
242,2023-08-31,7498.14,2586895.02
243,2023-09-01,16154.0,2603049.02
244,2023-09-02,11131.86,2614180.88
245,2023-09-03,6631.22,2620812.1
246,2023-09-04,10277.68,2631089.78
247,2023-09-05,16916.17,2648005.95
248,2023-09-06,14818.33,2662824.28
249,2023-09-07,12997.57,2675821.85
250,2023-09-08,8398.5,2684220.35
251,2023-09-09,9029.94,2693250.29
252,2023-09-10,1410.98,2694661.27
253,2023-09-11,7886.73,2702548.0
254,2023-09-12,10892.15,2713440.15
255,2023-09-13,2168.86,2715609.01
256,2023-09-14,4965.13,2720574.14
257,2023-09-15,7914.35,2728488.49
258,2023-09-16,8487.03,2736975.52
259,2023-09-17,24064.52,2761040.04
260,2023-09-18,14497.27,2775537.31
261,2023-09-19,9872.78,2785410.09
262,2023-09-20,17031.86,2802441.95
263,2023-09-21,30455.21,2832897.16
264,2023-09-22,10501.61,2843398.77
265,2023-09-23,6546.99,2849945.76
266,2023-09-24,11730.95,2861676.71
267,2023-09-25,5328.91,2867005.62
268,2023-09-26,11816.55,2878822.17
269,2023-09-27,9177.58,2887999.75
270,2023-09-28,11493.84,2899493.59
271,2023-09-30,8143.01,2907636.6
272,2023-10-01,7348.41,2914985.01
273,2023-10-02,5532.97,2920517.98
274,2023-10-03,12144.1,2932662.08
275,2023-10-04,4569.1,2937231.18
276,2023-10-05,9774.74,2947005.92
277,2023-10-06,4928.43,2951934.35
278,2023-10-07,15812.32,2967746.67
279,2023-10-08,15221.57,2982968.24
280,2023-10-09,23881.01,3006849.25
281,2023-10-10,10030.98,3016880.23
282,2023-10-11,12422.86,3029303.09
283,2023-10-12,13634.2,3042937.29
284,2023-10-13,6246.27,3049183.56
285,2023-10-14,13958.73,3063142.29
286,2023-10-15,10019.28,3073161.57
287,2023-10-16,14085.1,3087246.67
288,2023-10-17,7869.58,3095116.25
289,2023-10-18,11687.75,3106804.0
290,2023-10-19,6933.54,3113737.54
291,2023-10-20,8307.13,3122044.67
292,2023-10-21,18694.33,3140739.0
293,2023-10-22,11291.98,3152030.98
294,2023-10-23,9082.62,3161113.6
295,2023-10-24,18517.05,3179630.65
296,2023-10-25,10527.32,3190157.97
297,2023-10-26,10900.33,3201058.3
298,2023-10-27,16298.32,3217356.62
299,2023-10-28,15723.98,3233080.6
300,2023-10-29,7952.02,3241032.62
301,2023-10-30,10050.61,3251083.23
302,2023-10-31,5800.83,3256884.06
303,2023-11-01,9502.79,3266386.85
304,2023-11-02,7998.54,3274385.39
305,2023-11-03,12622.13,3287007.52
306,2023-11-04,9325.47,3296332.99
307,2023-11-05,7106.91,3303439.9
308,2023-11-06,16847.29,3320287.19
309,2023-11-07,8056.57,3328343.76
310,2023-11-08,11049.6,3339393.36
311,2023-11-09,14198.49,3353591.85
312,2023-11-10,6000.1,3359591.95
313,2023-11-11,7527.12,3367119.07
314,2023-11-12,8832.43,3375951.5
315,2023-11-13,7971.06,3383922.56
316,2023-11-14,3905.56,3387828.12
317,2023-11-15,13300.77,3401128.89
318,2023-11-16,16554.37,3417683.26
319,2023-11-17,18411.7,3436094.96
320,2023-11-18,7479.18,3443574.14
321,2023-11-19,14064.55,3457638.69
322,2023-11-20,11018.33,3468657.02
323,2023-11-21,17110.14,3485767.16
324,2023-11-22,11668.23,3497435.39
325,2023-11-23,7947.25,3505382.64
326,2023-11-24,11289.41,3516672.05
327,2023-11-25,12956.87,3529628.92
328,2023-11-26,6827.74,3536456.66
329,2023-11-27,12888.0,3549344.66
330,2023-11-28,13434.2,3562778.86
331,2023-11-29,14461.31,3577240.17
332,2023-11-30,11709.05,3588949.22
333,2023-12-01,4083.92,3593033.14
334,2023-12-02,15877.5,3608910.64
335,2023-12-03,13239.82,3622150.46
336,2023-12-04,5958.27,3628108.73
337,2023-12-05,10651.51,3638760.24
338,2023-12-06,7728.84,3646489.08
339,2023-12-07,7091.62,3653580.7
340,2023-12-08,7401.65,3660982.35
341,2023-12-09,15270.94,3676253.29
342,2023-12-10,6575.92,3682829.21
343,2023-12-11,7746.08,3690575.29
344,2023-12-12,8285.88,3698861.17
345,2023-12-13,10194.35,3709055.52
346,2023-12-14,4169.27,3713224.79
347,2023-12-15,11399.02,3724623.81
348,2023-12-16,9522.59,3734146.4
349,2023-12-17,6094.11,3740240.51
350,2023-12-18,8936.7,3749177.21
351,2023-12-19,8181.0,3757358.21
352,2023-12-20,7275.76,3764633.97
353,2023-12-21,16172.67,3780806.64
354,2023-12-22,9868.31,3790674.95
355,2023-12-23,9288.73,3799963.68
356,2023-12-24,18946.33,3818910.01
357,2023-12-25,17840.97,3836750.98
358,2023-12-26,21143.59,3857894.57
359,2023-12-27,9051.13,3866945.7
360,2023-12-28,9874.48,3876820.18
361,2023-12-29,12540.43,3889360.61
362,2023-12-30,7107.95,3896468.56
363,2023-12-31,20864.22,3917332.78
364,2024-01-01,6299.6,3923632.38
365,2024-01-02,15948.51,3939580.89
366,2024-01-03,6545.61,3946126.5
367,2024-01-04,11694.15,3957820.65
368,2024-01-05,8310.62,3966131.27
369,2024-01-06,6686.91,3972818.18
370,2024-01-07,6601.12,3979419.3
371,2024-01-08,3717.98,3983137.28
372,2024-01-09,11491.09,3994628.37
373,2024-01-10,5171.47,3999799.84
374,2024-01-11,21383.86,4021183.7
375,2024-01-12,5498.41,4026682.11
376,2024-01-13,6771.03,4033453.14
377,2024-01-14,13633.72,4047086.86
378,2024-01-15,6757.53,4053844.39
379,2024-01-16,5645.63,4059490.02
380,2024-01-17,9890.21,4069380.23
381,2024-01-18,26932.49,4096312.72
382,2024-01-19,10238.73,4106551.45
383,2024-01-20,5784.94,4112336.39
384,2024-01-21,16786.46,4129122.85
385,2024-01-22,13113.14,4142235.99
386,2024-01-23,11993.0,4154228.99
387,2024-01-24,13474.38,4167703.37
388,2024-01-25,10486.78,4178190.15
389,2024-01-26,10981.05,4189171.2
390,2024-01-27,6845.5,4196016.7
391,2024-01-28,10280.11,4206296.81
392,2024-01-29,11461.75,4217758.56
393,2024-01-30,13278.89,4231037.45
394,2024-01-31,16623.37,4247660.82
395,2024-02-01,16828.21,4264489.03
396,2024-02-02,11840.01,4276329.04
397,2024-02-03,11398.27,4287727.31
398,2024-02-04,6865.77,4294593.08
399,2024-02-05,20164.6,4314757.68
400,2024-02-06,15021.14,4329778.82
401,2024-02-07,6971.54,4336750.36
402,2024-02-08,15909.72,4352660.08
403,2024-02-09,12739.57,4365399.65
404,2024-02-10,24935.75,4390335.4
405,2024-02-11,9294.99,4399630.39
406,2024-02-12,11614.72,4411245.11
407,2024-02-13,19387.79,4430632.9
408,2024-02-14,13858.25,4444491.15
409,2024-02-15,4102.41,4448593.56
410,2024-02-16,8629.8,4457223.36
411,2024-02-17,9190.65,4466414.01
412,2024-02-18,7421.54,4473835.55
413,2024-02-19,9119.02,4482954.57
414,2024-02-20,11096.75,4494051.32
415,2024-02-21,16124.23,4510175.55
416,2024-02-22,17129.01,4527304.56
417,2024-02-23,5373.37,4532677.93
418,2024-02-24,17600.44,4550278.37
419,2024-02-25,16079.01,4566357.38
420,2024-02-26,9088.9,4575446.28
421,2024-02-27,7312.77,4582759.05
422,2024-02-28,7017.53,4589776.58
423,2024-02-29,11860.9,4601637.48
424,2024-03-01,17411.83,4619049.31
425,2024-03-02,17675.04,4636724.35
426,2024-03-03,20673.46,4657397.81
427,2024-03-04,10948.89,4668346.7
428,2024-03-05,18051.0,4686397.7
429,2024-03-06,9116.06,4695513.76
430,2024-03-07,11746.01,4707259.77
431,2024-03-08,13733.76,4720993.53
432,2024-03-09,18242.35,4739235.88
433,2024-03-10,10130.48,4749366.36
434,2024-03-11,7862.23,4757228.59
435,2024-03-12,11707.95,4768936.54
436,2024-03-13,10608.71,4779545.25
437,2024-03-14,6114.04,4785659.29
438,2024-03-15,11897.75,4797557.04
439,2024-03-16,16175.61,4813732.65
440,2024-03-17,14793.04,4828525.69
441,2024-03-18,13524.58,4842050.27
442,2024-03-19,3869.41,4845919.68
443,2024-03-20,6437.36,4852357.04
444,2024-03-21,6747.65,4859104.69
445,2024-03-22,4692.04,4863796.73
446,2024-03-23,13816.17,4877612.9
447,2024-03-24,6871.91,4884484.81
448,2024-03-25,7717.63,4892202.44
449,2024-03-26,11380.08,4903582.52
450,2024-03-27,7761.09,4911343.61
451,2024-03-28,17156.42,4928500.03
452,2024-03-29,6259.52,4934759.55
453,2024-03-30,9560.74,4944320.29
